0075435
0110310
0111716
0114419
0118528
0119429
0121719
0124725
0125424
0128935
0129937
0130821
0135831
0146937
0147333
0514738
0519849
0520329
0526644
0528850
0529751
0534138
0536142
0541539
0551239
0551946
0555146
0559760
0571649
0574049
0576558
0581652
0583555
0933051
0946868
0947365
0956871
0960155
0960458
0968878
0969072
0977576
0979378
0988682
0995477
0997380
1387055
1389665
1396662
1400728
1404231
1409342
1410933
1411632
1411935
1433743
1435646
1445245
1456048
1458153
1462548
1464653
1477056
1812044
1826661
1838567
1840251
1842558
1845160
1847972
1852056
1854767
1855365
1856468
1863465
1870159
2216437
2220428
2223131
2229547
2236140
2239247
2240030
2254243
2256651
2264549
2300426
2301428
2786074
2801852
2804151
2807460
2810954
2811552
2812352
2820351
2832863
2833461
2855875
2856170
